0x7ffdd722975c
10
0x7ffdd7229770
0
0x7ffdd7229780
0x7ffdd7229780
9
0x7ffdd722975c
10
1
5
0x7ffdd7229780
9
0x7ffdd7229780
9
90	80	70	60	50	40	30	20	10	0
90	80	70	60	50	40	30	20	10	0
90	80	70	60	50	40	30	20	10	0
0x7ffdd7229790
50
90
0x7ffdd7229770
0x7ffdd7229778
0x7ffdd7229790
50

1    0x.*?
2   10
3    0x.*?
4    0
5   0x.*?
6    0x.*?
7    9
8    0x.*?
9    10
10    1
11   5
12   0x.*?
13    9
14    0x.*?
15    9
16    90 80 70 60 50 40 30 20 10 0
17    90 80 70 60 50 40 30 20 10 0
18    90 80 70 60 50 40 30 20 10 0
19    0x.*?
20    50
21    90
22    0x.*?
23    0x.*?
24    0x.*?
25    50

